#E TIME Z PROB
1.7931076172e+04  57807.36361146  0  9.8137068748e-01
5.4812080078e+03  57827.54868264  0  9.1517829895e-01
1.7799712891e+04  57828.78970671  0  9.9986100197e-01
7.0666752930e+03  57828.85757812  0  9.9993872643e-01
6.5198969727e+03  57835.33290428  0  9.9990451336e-01
1.0151103516e+04  57835.73512234  0  9.9926298857e-01
5.0232524414e+03  57842.41744363  0  9.9842303991e-01
6.4629936523e+03  57836.53134722  0  9.9956268072e-01
6.2104672852e+03  57848.16944444  0  9.9901831150e-01
7.3436162109e+03  57848.22292917  0  9.9993389845e-01
1.1803198242e+04  57848.23724954  0  9.9988818169e-01
5.0266997070e+03  57848.38411562  0  9.9982196093e-01
7.5831596680e+03  57839.57344005  0  9.9793487787e-01
1.6243498047e+04  57842.54554583  0  9.9993723631e-01
6.3029819336e+03  57851.28377708  0  9.9886626005e-01
8.0974121094e+03  57848.50746204  0  9.9987596273e-01
4.1612101562e+04  57848.56512894  0  9.9742853642e-01
9.5924013672e+03  57848.62180671  0  9.9940729141e-01
9.9867802734e+03  57848.62939525  0  9.8823177814e-01
6.6051337891e+03  57848.68764433  0  9.9995255470e-01
5.8055639648e+03  57848.95832002  0  9.9987518787e-01
6.6645571289e+03  57848.96991829  0  9.9764722586e-01
6.4631000977e+03  57851.81525104  0  9.9505877495e-01
5.6269384766e+03  57851.81882951  0  9.8738867044e-01
5.1427275391e+03  57851.93096771  0  9.9084115028e-01
8.5976806641e+03  57851.94389861  0  9.9957633018e-01
1.7820460938e+04  57843.21383333  0  9.9988788366e-01
1.1048747070e+04  57843.48342604  0  9.9997228384e-01
4.1537199219e+04  57849.01966250  0  9.9998718500e-01
8.8561708984e+03  57849.04829109  0  9.9197816849e-01
5.9730561523e+03  57849.21935521  0  9.9836140871e-01
9.0765595703e+03  57849.29262037  0  9.9988079071e-01
1.6692460938e+04  57844.00527211  0  9.7550177574e-01
7.2804643555e+03  57847.11867859  0  9.9972379208e-01
9.4523027344e+03  57841.61799398  0  9.9990886450e-01
9.8741757812e+03  57850.27745336  0  9.9725145102e-01
5.7806992188e+03  57847.63578634  0  9.9984270334e-01
8.1638798828e+03  57850.56568484  0  9.9473792315e-01
8.2932529297e+03  57850.80280382  0  9.9927306175e-01
1.1016124023e+04  57850.82676609  0  9.9995112419e-01
5.0760620117e+03  57850.88935625  0  9.9955707788e-01
5.8532519531e+03  57857.90323218  0  9.6079838276e-01
1.1907561523e+04  57860.94297836  0  9.9350488186e-01
7.3769458008e+03  57861.73414120  0  9.9943280220e-01
5.7769467773e+03  57858.95150174  0  9.9748903513e-01
